0-0-0:34 34 32 34 33 32 32 32 36 32 30 33 33 35 32 35 0 0 0 0 0 0 0 0 
0-0-0:34 34 32 34 33 32 32 32 36 32 30 33 33 35 32 35 0 0 0 0 0 0 0 0 
0-0-0:34 34 32 34 33 32 32 32 36 32 30 33 33 35 32 35 0 0 0 0 0 0 0 0 
0-0-0:34 34 32 34 33 32 32 32 36 32 30 33 33 35 32 35 0 0 0 0 0 0 0 0 
0-0-0:34 34 32 34 33 32 32 32 36 32 30 33 33 35 32 35 0 0 0 0 0 0 0 0 
0-0-0:34 34 32 34 33 32 32 32 36 32 30 33 33 35 32 35 0 0 0 0 0 0 0 0 
0-0-0:34 34 32 34 33 32 32 32 36 32 30 33 33 35 32 35 0 0 0 0 0 0 0 0 
0-0-0:34 34 32 34 33 32 32 32 36 32 30 33 33 35 32 35 0 0 0 0 0 0 0 0 
0-0-0:34 34 32 34 33 32 32 32 36 32 30 33 33 35 32 35 0 0 0 0 0 0 0 0 
0-0-0:34 34 32 34 33 32 32 32 36 32 30 33 33 35 32 35 0 0 0 0 0 0 0 0 
0-0-0:34 34 32 34 33 32 32 32 36 32 30 33 33 35 32 35 0 0 0 0 0 0 0 0 
0-0-0:34 34 32 34 33 32 32 32 36 32 30 33 33 35 32 35 0 0 0 0 0 0 0 0 
0-0-0:34 34 32 34 33 32 32 32 36 32 30 33 33 35 32 35 0 0 0 0 0 0 0 0 
0-0-0:34 34 32 34 33 32 32 32 36 32 30 33 33 35 32 35 0 0 0 0 0 0 0 0 
0-0-0:34 34 32 34 33 32 32 32 36 32 30 33 33 35 32 35 0 0 0 0 0 0 0 0 
0-0-0:34 34 32 34 33 32 32 32 36 32 30 33 33 35 32 35 0 0 0 0 0 0 0 0 
0-0-0:34 34 32 34 33 32 32 32 36 32 30 33 33 35 32 35 0 0 0 0 0 0 0 0 
0-0-0:34 34 32 34 33 32 32 32 36 32 30 33 33 35 32 35 0 0 0 0 0 0 0 0 
0-0-0:34 34 32 34 33 32 32 32 36 32 30 33 33 35 32 35 0 0 0 0 0 0 0 0 
0-0-0:34 34 32 34 33 32 32 32 36 32 30 33 33 35 32 35 0 0 0 0 0 0 0 0 
0-0-0:34 34 32 34 33 32 32 32 36 32 30 33 33 35 32 35 0 0 0 0 0 0 0 0 
0-0-0:34 34 32 34 33 32 32 32 36 32 30 33 33 35 32 35 0 0 0 0 0 0 0 0 
0-0-0:34 34 32 34 33 32 32 32 36 32 30 33 33 35 32 35 0 0 0 0 0 0 0 0 
0-0-0:34 34 32 34 33 32 32 32 36 32 30 33 33 35 32 35 0 0 0 0 0 0 0 0 
0-0-0:34 34 32 34 33 32 32 32 36 32 30 33 33 35 32 35 0 0 0 0 0 0 0 0 
0-0-0:34 34 32 34 33 32 32 32 36 32 30 33 33 35 32 35 0 0 0 0 0 0 0 0 
0-0-0:34 34 32 34 33 32 32 32 36 32 30 33 33 35 32 35 0 0 0 0 0 0 0 0 
0-0-0:34 34 32 34 33 32 32 32 36 32 30 33 33 35 32 35 0 0 0 0 0 0 0 0 
0-0-0:34 34 32 34 33 32 32 32 36 32 30 33 33 35 32 35 0 0 0 0 0 0 0 0 
0-0-0:34 34 32 34 33 32 32 32 36 32 30 33 33 35 32 35 0 0 0 0 0 0 0 0 
0-0-0:34 34 32 34 33 32 32 32 36 32 30 33 33 35 32 35 0 0 0 0 0 0 0 0 
0-0-0:34 34 32 34 33 32 32 32 36 32 30 33 33 35 32 35 0 0 0 0 0 0 0 0 
0-0-0:34 34 32 34 33 32 32 32 36 32 30 33 33 35 32 35 0 0 0 0 0 0 0 0 
0-0-0:34 34 32 34 33 32 32 32 36 32 30 33 33 35 32 35 0 0 0 0 0 0 0 0 
0-0-0:34 34 32 34 33 32 32 32 36 32 30 33 33 35 32 35 0 0 0 0 0 0 0 0 
0-0-0:34 34 32 34 33 32 32 32 36 32 30 33 33 35 32 35 0 0 0 0 0 0 0 0 
0-0-0:34 34 32 34 33 32 32 32 36 32 30 33 33 35 32 35 0 0 0 0 0 0 0 0 
0-0-0:34 34 32 34 33 32 32 32 36 32 30 33 33 35 32 35 0 0 0 0 0 0 0 0 
0-0-0:34 34 32 34 33 32 32 32 36 32 30 33 33 35 32 35 0 0 0 0 0 0 0 0 
0-0-0:34 34 32 34 33 32 32 32 36 32 30 33 33 35 32 35 0 0 0 0 0 0 0 0 
0-0-0:34 34 32 34 33 32 32 32 36 32 30 33 33 35 32 35 0 0 0 0 0 0 0 0 
0-0-0:34 34 32 34 33 32 32 32 36 32 30 33 33 35 32 35 0 0 0 0 0 0 0 0 
0-0-0:34 34 32 34 33 32 32 32 36 32 30 33 33 35 32 35 0 0 0 0 0 0 0 0 
0-0-0:34 34 32 34 33 32 32 32 36 32 30 33 33 35 32 35 0 0 0 0 0 0 0 0 
0-0-0:34 34 32 34 33 32 32 32 36 32 30 33 33 35 32 35 0 0 0 0 0 0 0 0 
0-0-0:34 34 32 34 33 32 32 32 36 32 30 33 33 35 32 35 0 0 0 0 0 0 0 0 
0-0-0:34 34 32 34 33 32 32 32 36 32 30 33 33 35 32 35 0 0 0 0 0 0 0 0 
0-0-0:34 34 32 34 33 32 32 32 36 32 30 33 33 35 32 35 0 0 0 0 0 0 0 0 
时间-20170921160951-方块-53-79-value-160-tempi-128-runMode-4 
0-0-0:34 34 32 34 33 32 32 32 36 32 30 33 33 35 160 35 0 0 0 0 0 0 0 0 
0-0-0:34 34 32 34 33 32 32 32 36 32 30 33 33 35 160 35 0 0 0 0 0 0 0 0 
时间-20170921160951-方块-27-79-value-163-tempi-256-runMode-4 
0-0-0:34 34 32 34 33 32 32 32 36 32 30 33 33 163 160 35 0 0 0 0 0 0 0 0 
0-0-0:34 34 32 34 33 32 32 32 36 32 30 33 33 163 160 35 0 0 0 0 0 0 0 0 
0-0-0:34 34 32 34 33 32 32 32 36 32 30 33 33 163 160 35 0 0 0 0 0 0 0 0 
0-0-0:34 34 32 34 33 32 32 32 36 32 30 33 33 163 160 35 0 0 0 0 0 0 0 0 
0-0-0:34 34 32 34 33 32 32 32 36 32 30 33 33 35 32 35 0 0 0 0 0 0 0 0 
0-0-0:34 34 32 34 33 32 32 32 36 32 30 33 33 35 32 35 0 0 0 0 0 0 0 0 
0-0-0:34 34 32 34 33 32 32 32 36 32 30 33 33 35 32 35 0 0 0 0 0 0 0 0 
0-0-0:34 34 32 34 33 32 32 32 36 32 30 33 33 35 32 35 0 0 0 0 0 0 0 0 
0-0-0:34 34 32 34 33 32 32 32 36 32 30 33 33 35 32 35 0 0 0 0 0 0 0 0 
时间-20170921160952-方块-27-53-value-160-tempi-256-runMode-4 
时间-20170921160952-方块-27-79-value-163-tempi-256-runMode-4 
0-0-0:34 34 32 34 33 32 32 32 36 160 30 33 33 163 32 35 0 0 0 0 0 0 0 0 
0-0-0:34 34 32 34 33 32 32 32 36 160 30 33 33 163 32 35 0 0 0 0 0 0 0 0 
0-0-0:34 34 32 34 33 32 32 32 36 160 30 33 33 163 32 35 0 0 0 0 0 0 0 0 
0-0-0:34 34 32 34 33 32 32 32 36 160 30 33 33 163 32 35 0 0 0 0 0 0 0 0 
0-0-0:34 34 32 34 33 32 32 32 36 160 30 33 33 163 32 35 0 0 0 0 0 0 0 0 
0-0-0:34 34 32 34 33 32 32 32 36 160 30 33 33 163 32 35 0 0 0 0 0 0 0 0 
0-0-0:34 34 32 34 33 32 32 32 36 32 30 33 33 35 32 35 0 0 0 0 0 0 0 0 
0-0-0:34 34 32 34 33 32 32 32 36 32 30 33 33 35 32 35 0 0 0 0 0 0 0 0 
0-0-0:34 34 32 34 33 32 32 32 36 32 30 33 33 35 32 35 0 0 0 0 0 0 0 0 
0-0-0:34 34 32 34 33 32 32 32 36 32 30 33 33 35 32 35 0 0 0 0 0 0 0 0 
0-0-0:34 34 32 34 33 32 32 32 36 32 30 33 33 35 32 35 0 0 0 0 0 0 0 0 
0-0-0:34 34 32 34 33 32 32 32 36 32 30 33 33 35 32 35 0 0 0 0 0 0 0 0 
时间-20170921160953-方块-53-53-value-158-tempi-128-runMode-4 
0-0-0:34 34 32 34 33 32 32 32 36 32 158 33 33 35 32 35 0 0 0 0 0 0 0 0 
0-0-0:34 34 32 34 33 32 32 32 36 32 158 33 33 35 32 35 0 0 0 0 0 0 0 0 
0-0-0:34 34 32 34 33 32 32 32 36 32 158 33 33 35 32 35 0 0 0 0 0 0 0 0 
0-0-0:34 34 32 34 33 32 32 32 36 32 158 33 33 35 32 35 0 0 0 0 0 0 0 0 
0-0-0:34 34 32 34 33 32 32 32 36 32 30 33 33 35 32 35 0 0 0 0 0 0 0 0 
0-0-0:34 34 32 34 33 32 32 32 36 32 30 33 33 35 32 35 0 0 0 0 0 0 0 0 
0-0-0:34 34 32 34 33 32 32 32 36 32 30 33 33 35 32 35 0 0 0 0 0 0 0 0 
0-0-0:34 34 32 34 33 32 32 32 36 32 30 33 33 35 32 35 0 0 0 0 0 0 0 0 
0-0-0:34 34 32 34 33 32 32 32 36 32 30 33 33 35 32 35 0 0 0 0 0 0 0 0 
0-0-0:34 34 32 34 33 32 32 32 36 32 30 33 33 35 32 35 0 0 0 0 0 0 0 0 
时间-20170921160953-方块-53-27-value-160-tempi-128-runMode-4 
0-0-0:34 34 32 34 33 32 160 32 36 32 30 33 33 35 32 35 0 0 0 0 0 0 0 0 
时间-20170921160954-方块-27-27-value-160-tempi-256-runMode-4 
0-0-0:34 34 32 34 33 160 160 32 36 32 30 33 33 35 32 35 0 0 0 0 0 0 0 0 
0-0-0:34 34 32 34 33 160 160 32 36 32 30 33 33 35 32 35 0 0 0 0 0 0 0 0 
0-0-0:34 34 32 34 33 160 160 32 36 32 30 33 33 35 32 35 0 0 0 0 0 0 0 0 
0-0-0:34 34 32 34 33 160 160 32 36 32 30 33 33 35 32 35 0 0 0 0 0 0 0 0 
0-0-0:34 34 32 34 33 160 32 32 36 32 30 33 33 35 32 35 0 0 0 0 0 0 0 0 
0-0-0:34 34 32 34 33 160 32 32 36 32 30 33 33 35 32 35 0 0 0 0 0 0 0 0 
0-0-0:34 34 32 34 33 32 32 32 36 32 30 33 33 35 32 35 0 0 0 0 0 0 0 0 
0-0-0:34 34 32 34 33 32 32 32 36 32 30 33 33 35 32 35 0 0 0 0 0 0 0 0 
0-0-0:34 34 32 34 33 32 32 32 36 32 30 33 33 35 32 35 0 0 0 0 0 0 0 0 
0-0-0:34 34 32 34 33 32 32 32 36 32 30 33 33 35 32 35 0 0 0 0 0 0 0 0 
0-0-0:34 34 32 34 33 32 32 32 36 32 30 33 33 35 32 35 0 0 0 0 0 0 0 0 
0-0-0:34 34 32 34 33 32 32 32 36 32 30 33 33 35 32 35 0 0 0 0 0 0 0 0 
0-0-0:34 34 32 34 33 32 32 32 36 32 30 33 33 35 32 35 0 0 0 0 0 0 0 0 
0-0-0:34 34 32 34 33 32 32 32 36 32 30 33 33 35 32 35 0 0 0 0 0 0 0 0 
0-0-0:34 34 32 34 33 32 32 32 36 32 30 33 33 35 32 35 0 0 0 0 0 0 0 0 
0-0-0:34 34 32 34 33 32 32 32 36 32 30 33 33 35 32 35 0 0 0 0 0 0 0 0 
0-0-0:34 34 32 34 33 32 32 32 36 32 30 33 33 35 32 35 0 0 0 0 0 0 0 0 
0-0-0:34 34 32 34 33 32 32 32 36 32 30 33 33 35 32 35 0 0 0 0 0 0 0 0 
0-0-0:34 34 32 34 33 32 32 32 36 32 30 33 33 35 32 35 0 0 0 0 0 0 0 0 
0-0-0:34 34 32 34 33 32 32 32 36 32 30 33 33 35 32 35 0 0 0 0 0 0 0 0 
0-0-0:34 34 32 34 33 32 32 32 36 32 30 33 33 35 32 35 0 0 0 0 0 0 0 0 
0-0-0:34 34 32 34 33 32 32 32 36 32 30 33 33 35 32 35 0 0 0 0 0 0 0 0 
0-0-0:34 34 32 34 33 32 32 32 36 32 30 33 33 35 32 35 0 0 0 0 0 0 0 0 
0-0-0:34 34 32 34 33 32 32 32 36 32 30 33 33 35 32 35 0 0 0 0 0 0 0 0 
0-0-0:34 34 32 34 33 32 32 32 36 32 30 33 33 35 32 35 0 0 0 0 0 0 0 0 
0-0-0:34 34 32 34 33 32 32 32 36 32 30 33 33 35 32 35 0 0 0 0 0 0 0 0 
0-0-0:34 34 32 34 33 32 32 32 36 32 30 33 33 35 32 35 0 0 0 0 0 0 0 0 
0-0-0:34 34 32 34 33 32 32 32 36 32 30 33 33 35 32 35 0 0 0 0 0 0 0 0 
0-0-0:34 34 32 34 33 32 32 32 36 32 30 33 33 35 32 35 0 0 0 0 0 0 0 0 
0-0-0:34 34 32 34 33 32 32 32 36 32 30 33 33 35 32 35 0 0 0 0 0 0 0 0 
0-0-0:34 34 32 34 33 32 32 32 36 32 30 33 33 35 32 35 0 0 0 0 0 0 0 0 
0-0-0:34 34 32 34 33 32 32 32 36 32 30 33 33 35 32 35 0 0 0 0 0 0 0 0 
0-0-0:34 34 32 34 33 32 32 32 36 32 30 33 33 35 32 35 0 0 0 0 0 0 0 0 
0-0-0:34 34 32 34 33 32 32 32 36 32 30 33 33 35 32 35 0 0 0 0 0 0 0 0 
0-0-0:34 34 32 34 33 32 32 32 36 32 30 33 33 35 32 35 0 0 0 0 0 0 0 0 
0-0-0:34 34 32 34 33 32 32 32 36 32 30 33 33 35 32 35 0 0 0 0 0 0 0 0 
0-0-0:34 34 32 34 33 32 32 32 36 32 30 33 33 35 32 35 0 0 0 0 0 0 0 0 
0-0-0:34 34 32 34 33 32 32 32 36 32 30 33 33 35 32 35 0 0 0 0 0 0 0 0 
0-0-0:34 34 32 34 33 32 32 32 36 32 30 33 33 35 32 35 0 0 0 0 0 0 0 0 
0-0-0:34 34 32 34 33 32 32 32 36 32 30 33 33 35 32 35 0 0 0 0 0 0 0 0 
0-0-0:34 34 32 34 33 32 32 32 36 32 30 33 33 35 32 35 0 0 0 0 0 0 0 0 
0-0-0:34 34 32 34 33 32 32 32 36 32 30 33 33 35 32 35 0 0 0 0 0 0 0 0 
0-0-0:34 34 32 34 33 32 32 32 36 32 30 33 33 35 32 35 0 0 0 0 0 0 0 0 
0-0-0:34 34 32 34 33 32 32 32 36 32 30 33 33 35 32 35 0 0 0 0 0 0 0 0 
0-0-0:34 34 32 34 33 32 32 32 36 32 30 33 33 35 32 35 0 0 0 0 0 0 0 0 
0-0-0:34 34 32 34 33 32 32 32 36 32 30 33 33 35 32 35 0 0 0 0 0 0 0 0 
0-0-0:34 34 32 34 33 32 32 32 36 32 30 33 33 35 32 35 0 0 0 0 0 0 0 0 
0-0-0:34 34 32 34 33 32 32 32 36 32 30 33 33 35 32 35 0 0 0 0 0 0 0 0 
0-0-0:34 34 32 34 33 32 32 32 36 32 30 33 33 35 32 35 0 0 0 0 0 0 0 0 
0-0-0:34 34 32 34 33 32 32 32 36 32 30 33 33 35 32 35 0 0 0 0 0 0 0 0 
0-0-0:34 34 32 34 33 32 32 32 36 32 30 33 33 35 32 35 0 0 0 0 0 0 0 0 
0-0-0:34 34 32 34 33 32 32 32 36 32 30 33 33 35 32 35 0 0 0 0 0 0 0 0 
0-0-0:34 34 32 34 33 32 32 32 36 32 30 33 33 35 32 35 0 0 0 0 0 0 0 0 
0-0-0:34 34 32 34 33 32 32 32 36 32 30 33 33 35 32 35 0 0 0 0 0 0 0 0 
0-0-0:34 34 32 34 33 32 32 32 36 32 30 33 33 35 32 35 0 0 0 0 0 0 0 0 
0-0-0:34 34 32 34 33 32 32 32 36 32 30 33 33 35 32 35 0 0 0 0 0 0 0 0 
0-0-0:34 34 32 34 33 32 32 32 36 32 30 33 33 35 32 35 0 0 0 0 0 0 0 0 
0-0-0:34 34 32 34 33 32 32 32 36 32 30 33 33 35 32 35 0 0 0 0 0 0 0 0 
0-0-0:34 34 32 34 33 32 32 32 36 32 30 33 33 35 32 35 0 0 0 0 0 0 0 0 
0-0-0:34 34 32 34 33 32 32 32 36 32 30 33 33 35 32 35 0 0 0 0 0 0 0 0 
0-0-0:34 34 32 34 33 32 32 32 36 32 30 33 33 35 32 35 0 0 0 0 0 0 0 0 
0-0-0:34 34 32 34 33 32 32 32 36 32 30 33 33 35 32 35 0 0 0 0 0 0 0 0 
0-0-0:34 34 32 34 33 32 32 32 36 32 30 33 33 35 32 35 0 0 0 0 0 0 0 0 
0-0-0:34 34 32 34 33 32 32 32 36 32 30 33 33 35 32 35 0 0 0 0 0 0 0 0 
0-0-0:34 34 32 34 33 32 32 32 36 32 30 33 33 35 32 35 0 0 0 0 0 0 0 0 
0-0-0:34 34 32 34 33 32 32 32 36 32 30 33 33 35 32 35 0 0 0 0 0 0 0 0 
0-0-0:34 34 32 34 33 32 32 32 36 32 30 33 33 35 32 35 0 0 0 0 0 0 0 0 
0-0-0:34 34 32 34 33 32 32 32 36 32 30 33 33 35 32 35 0 0 0 0 0 0 0 0 
0-0-0:34 34 32 34 33 32 32 32 36 32 30 33 33 35 32 35 0 0 0 0 0 0 0 0 
时间-20170921160959-方块-79-79-value-163-tempi-128-runMode-4 
0-0-0:34 34 32 34 33 32 32 32 36 32 30 33 33 35 32 163 0 0 0 0 0 0 0 0 
0-0-0:34 34 32 34 33 32 32 32 36 32 30 33 33 35 32 163 0 0 0 0 0 0 0 0 
0-0-0:34 34 32 34 33 32 32 32 36 32 30 33 33 35 32 163 0 0 0 0 0 0 0 0 
0-0-0:34 34 32 34 33 32 32 32 36 32 30 33 33 35 32 163 0 0 0 0 0 0 0 0 
时间-20170921160959-方块-53-79-value-160-tempi-256-runMode-4 
0-0-0:34 34 32 34 33 32 32 32 36 32 30 33 33 35 160 163 0 0 0 0 0 0 0 0 
0-0-0:34 34 32 34 33 32 32 32 36 32 30 33 33 35 160 163 0 0 0 0 0 0 0 0 
0-0-0:34 34 32 34 33 32 32 32 36 32 30 33 33 35 160 35 0 0 0 0 0 0 0 0 
0-0-0:34 34 32 34 33 32 32 32 36 32 30 33 33 35 160 35 0 0 0 0 0 0 0 0 
时间-20170921160959-方块-27-1-value-162-tempi-256-runMode-4 
0-0-0:34 162 32 34 33 32 32 32 36 32 30 33 33 35 160 35 0 0 0 0 0 0 0 0 
时间-20170921160959-方块-53-1-value-160-tempi-